{
 "cells": [
  {
   "cell_type": "code",
   "execution_count": 5,
   "metadata": {},
   "outputs": [],
   "source": [
    "import pandas as pd\n",
    "import numpy as np\n",
    "# import seaborn as sns\n",
    "# import matplotlib.pyplot as plt\n",
    "import os\n",
    "from sklearn.model_selection import train_test_split\n",
    "from sklearn.metrics import roc_curve,  roc_auc_score\n",
    "import gc\n",
    "import category_encoders as ce\n",
    "from sklearn.model_selection import *\n",
    "# plt.style.use('seaborn-colorblind')\n",
    "# %matplotlib inline\n",
    "#from feature_cleaning import rare_values as ra\n",
    "from feature_selection.feature_utils import *\n",
    "from feature_selection.feature_shuffle import *\n",
    "from feature_cleaning.collinear import *\n",
    "from joblib import Parallel,delayed\n"
   ]
  },
  {
   "cell_type": "markdown",
   "metadata": {
    "heading_collapsed": true
   },
   "source": [
    "## 读取原始数据\n"
   ]
  },
  {
   "cell_type": "code",
   "execution_count": 6,
   "metadata": {
    "hidden": true
   },
   "outputs": [],
   "source": [
    "def lgb_model(params=None,cv=KFold(5),X=None,y=None,early_stopping_rounds=200,cols=None,categorical_feature=None,group_feature=None):\n",
    "\n",
    "    #folds = StratifiedKFold(n_splits=NFOLDS)\n",
    "    folds =cv\n",
    "    if cols==None:\n",
    "        columns = list(X.columns)\n",
    "    else:\n",
    "        columns=cols\n",
    "    if group_feature:\n",
    "        columns.remove(group_feature)\n",
    "        splits = folds.split(X[columns], y,groups=X[group_feature])\n",
    "    else:\n",
    "        splits = folds.split(X[columns], y)\n",
    "    y_oof = np.zeros(X.shape[0])\n",
    "    score = 0\n",
    "\n",
    "\n",
    "    clfs=[]\n",
    "    for fold_n, (train_index, valid_index) in enumerate(splits):\n",
    "        X_train, X_valid = X[columns].iloc[train_index], X[columns].iloc[valid_index]\n",
    "        y_train, y_valid = y.iloc[train_index], y.iloc[valid_index]\n",
    "\n",
    "\n",
    "        clf = lgb.LGBMClassifier(**params)\n",
    "        if categorical_feature:\n",
    "            clf.fit(X_train,y_train,eval_set=[(X_train,y_train),(X_valid,y_valid)], \\\n",
    "                     eval_metric='auc', verbose=100, early_stopping_rounds=early_stopping_rounds,categorical_feature=categorical_feature)\n",
    "        else:\n",
    "            clf.fit(X_train,y_train,eval_set=[(X_train,y_train),(X_valid,y_valid)], \\\n",
    "                     eval_metric='auc', verbose=100, early_stopping_rounds=early_stopping_rounds)\n",
    "\n",
    "        y_pred_valid = clf.predict_proba(X_valid)[:,1]\n",
    "        y_oof[valid_index] = y_pred_valid\n",
    "        print(f\"Fold {fold_n + 1} | AUC: {roc_auc_score(y_valid, y_pred_valid)}\")\n",
    "\n",
    "        score += roc_auc_score(y_valid, y_pred_valid) / 6\n",
    "\n",
    "        del X_train, X_valid, y_train, y_valid\n",
    "        gc.collect()\n",
    "        clfs.append(clf)\n",
    "\n",
    "    print(f\"\\nMean AUC = {score}\")\n",
    "    print(f\"Out of folds AUC = {roc_auc_score(y, y_oof)}\")\n",
    "    return clfs"
   ]
  },
  {
   "cell_type": "code",
   "execution_count": 7,
   "metadata": {
    "hidden": true
   },
   "outputs": [
    {
     "name": "stdout",
     "output_type": "stream",
     "text": [
      "Train shape (590540, 213) test shape (506691, 213)\n"
     ]
    }
   ],
   "source": [
    "import gc\n",
    "import joblib\n",
    "import pandas as pd\n",
    "import numpy as np\n",
    "import seaborn as sns\n",
    "import matplotlib.pyplot as plt\n",
    "from feature_cleaning.collinear import *\n",
    "import lightgbm as lgb\n",
    "from sklearn.metrics import roc_auc_score\n",
    "from sklearn.model_selection import KFold,StratifiedKFold,GroupKFold,TimeSeriesSplit\n",
    "from performance_optimizing import performance_optimizing as po\n",
    "import os\n",
    "import random\n",
    "from feature_selection.feature_utils import get_imp\n",
    "from feature_engineering.encoding import *\n",
    "### 注意一定要提前控制随机性问题！！\n",
    "def seed_everything(seed=42):\n",
    "    random.seed(seed)\n",
    "    os.environ['PYTHONHASHSEED'] = str(seed)\n",
    "    np.random.seed(seed)\n",
    "seed_everything(123)\n",
    "\n",
    "str_type = ['ProductCD', 'card4', 'card6', 'P_emaildomain', 'R_emaildomain','M1', 'M2', 'M3', 'M4','M5',\n",
    "            'M6', 'M7', 'M8', 'M9', 'id_12', 'id_15', 'id_16', 'id_23', 'id_27', 'id_28', 'id_29', 'id_30', \n",
    "            'id_31', 'id_33', 'id_34', 'id_35', 'id_36', 'id_37', 'id_38', 'DeviceType', 'DeviceInfo']\n",
    "\n",
    "\n",
    "cols = ['TransactionID', 'TransactionDT', 'TransactionAmt',\n",
    "       'ProductCD', 'card1', 'card2', 'card3', 'card4', 'card5', 'card6',\n",
    "       'addr1', 'addr2', 'dist1', 'dist2', 'P_emaildomain', 'R_emaildomain',\n",
    "       'C1', 'C2', 'C3', 'C4', 'C5', 'C6', 'C7', 'C8', 'C9', 'C10', 'C11',\n",
    "       'C12', 'C13', 'C14', 'D1', 'D2', 'D3', 'D4', 'D5', 'D6', 'D7', 'D8',\n",
    "       'D9', 'D10', 'D11', 'D12', 'D13', 'D14', 'D15', 'M1', 'M2', 'M3', 'M4',\n",
    "       'M5', 'M6', 'M7', 'M8', 'M9']\n",
    "\n",
    "# V COLUMNS TO LOAD DECIDED BY CORRELATION EDA\n",
    "# https://www.kaggle.com/cdeotte/eda-for-columns-v-and-id\n",
    "v =  [1, 3, 4, 6, 8, 11]\n",
    "v += [13, 14, 17, 20, 23, 26, 27, 30]\n",
    "v += [36, 37, 40, 41, 44, 47, 48]\n",
    "v += [54, 56, 59, 62, 65, 67, 68, 70]\n",
    "v += [76, 78, 80, 82, 86, 88, 89, 91]\n",
    "\n",
    "#v += [96, 98, 99, 104] #relates to groups, no NAN \n",
    "v += [107, 108, 111, 115, 117, 120, 121, 123] # maybe group, no NAN\n",
    "v += [124, 127, 129, 130, 136] # relates to groups, no NAN\n",
    "\n",
    "# LOTS OF NAN BELOW\n",
    "v += [138, 139, 142, 147, 156, 162] #b1\n",
    "v += [165, 160, 166] #b1\n",
    "v += [178, 176, 173, 182] #b2\n",
    "v += [187, 203, 205, 207, 215] #b2\n",
    "v += [169, 171, 175, 180, 185, 188, 198, 210, 209] #b2\n",
    "v += [218, 223, 224, 226, 228, 229, 235] #b3\n",
    "v += [240, 258, 257, 253, 252, 260, 261] #b3\n",
    "v += [264, 266, 267, 274, 277] #b3\n",
    "v += [220, 221, 234, 238, 250, 271] #b3\n",
    "\n",
    "v += [294, 284, 285, 286, 291, 297] # relates to grous, no NAN\n",
    "v += [303, 305, 307, 309, 310, 320] # relates to groups, no NAN\n",
    "v += [281, 283, 289, 296, 301, 314] # relates to groups, no NAN\n",
    "#v += [332, 325, 335, 338] # b4 lots NAN\n",
    "\n",
    "cols += ['V'+str(x) for x in v]\n",
    "dtypes = {}\n",
    "for c in cols+['id_0'+str(x) for x in range(1,10)]+['id_'+str(x) for x in range(10,34)]: \n",
    "    dtypes[c] = 'float32'\n",
    "for c in str_type: dtypes[c] = 'category'\n",
    "    \n",
    "drop_C=['C2', 'C4', 'C6', 'C8', 'C10', 'C11', 'C14']\n",
    "\n",
    "cat=pd.read_csv('cat.csv')\n",
    "cat=cat.cat.values.tolist()\n",
    "params = {'num_leaves': 491,\n",
    "          'colsample_bytree': 0.75,\n",
    "          'subsample': 0.75,\n",
    "          'min_data_in_leaf': 106,\n",
    "          'objective': 'binary',\n",
    "          'max_depth': -1,\n",
    "          'learning_rate': 0.01,\n",
    "          \"boosting_type\": \"gbdt\",\n",
    "          \"bagging_seed\": 11,\n",
    "          \"metric\": 'auc',\n",
    "          \"verbosity\": -1,\n",
    "          'reg_alpha': 0.45,\n",
    "          'reg_lambda': 0.65,\n",
    "          'random_state': 47,\n",
    "          'n_jobs':-1,\n",
    "          'n_estimators':10000,\n",
    "         }\n",
    "# LOAD TRAIN\n",
    "path=r'F:\\python代码\\kaggle_ieee'+'\\\\'\n",
    "X_train = pd.read_csv(path+'train_transaction.csv',index_col='TransactionID', dtype=dtypes, usecols=cols+['isFraud'])\n",
    "train_id = pd.read_csv(path+'train_identity.csv',index_col='TransactionID', dtype=dtypes)\n",
    "X_train = X_train.merge(train_id, how='left', left_index=True, right_index=True)\n",
    "# LOAD TEST\n",
    "X_test = pd.read_csv(path+'test_transaction.csv',index_col='TransactionID', dtype=dtypes, usecols=cols)\n",
    "test_id = pd.read_csv(path+'test_identity.csv',index_col='TransactionID', dtype=dtypes)\n",
    "X_test = X_test.merge(test_id, how='left', left_index=True, right_index=True)\n",
    "# TARGET\n",
    "y_train = X_train['isFraud'].copy()\n",
    "del train_id, test_id, X_train['isFraud']; x = gc.collect()\n",
    "# PRINT STATUS\n",
    "print('Train shape',X_train.shape,'test shape',X_test.shape)\n",
    "X=X_train\n",
    "y=y_train\n",
    "del X_train,y_train\n",
    "gc.collect()\n",
    "X.drop(drop_C,axis=1,inplace=True)\n",
    "X_test.drop(drop_C,axis=1,inplace=True)"
   ]
  },
  {
   "cell_type": "code",
   "execution_count": 8,
   "metadata": {
    "hidden": true
   },
   "outputs": [
    {
     "data": {
      "text/plain": [
       "(590540, 206)"
      ]
     },
     "execution_count": 8,
     "metadata": {},
     "output_type": "execute_result"
    }
   ],
   "source": [
    "X.shape"
   ]
  },
  {
   "cell_type": "code",
   "execution_count": 9,
   "metadata": {
    "hidden": true
   },
   "outputs": [
    {
     "name": "stdout",
     "output_type": "stream",
     "text": [
      "ProductCD , card1 , card2 , card3 , card4 , card5 , card6 , addr1 , addr2 , M1 , M2 , M3 , M4 , M5 , M6 , M7 , M8 , M9 , id_12 , id_13 , id_14 , id_15 , id_16 , id_17 , id_18 , id_19 , id_20 , id_21 , id_22 , id_23 , id_24 , id_25 , id_26 , id_27 , id_28 , id_29 , id_30 , id_31 , id_32 , id_33 , id_34 , id_35 , id_36 , id_37 , id_38 , DeviceType , DeviceInfo , P_emaildomain , R_emaildomain , "
     ]
    }
   ],
   "source": [
    "for col in cat:\n",
    "    encode_LE(col,X,X_test)"
   ]
  },
  {
   "cell_type": "markdown",
   "metadata": {
    "heading_collapsed": true
   },
   "source": [
    "## 从类别开始，首先，重要类别的编码"
   ]
  },
  {
   "cell_type": "code",
   "execution_count": 10,
   "metadata": {
    "hidden": true
   },
   "outputs": [
    {
     "name": "stdout",
     "output_type": "stream",
     "text": [
      "card1_FE , card2_FE , R_emaildomain_FE , ProductCD_FE , addr1_FE , M4_FE , M6_FE , "
     ]
    }
   ],
   "source": [
    "imp_cat=['card1','card2','R_emaildomain','ProductCD','addr1','M4','M6']\n",
    "encode_FE(X,X_test,imp_cat)"
   ]
  },
  {
   "cell_type": "code",
   "execution_count": 6,
   "metadata": {
    "hidden": true
   },
   "outputs": [
    {
     "data": {
      "text/html": [
       "<div>\n",
       "<style scoped>\n",
       "    .dataframe tbody tr th:only-of-type {\n",
       "        vertical-align: middle;\n",
       "    }\n",
       "\n",
       "    .dataframe tbody tr th {\n",
       "        vertical-align: top;\n",
       "    }\n",
       "\n",
       "    .dataframe thead th {\n",
       "        text-align: right;\n",
       "    }\n",
       "</style>\n",
       "<table border=\"1\" class=\"dataframe\">\n",
       "  <thead>\n",
       "    <tr style=\"text-align: right;\">\n",
       "      <th></th>\n",
       "      <th>card1_FE</th>\n",
       "      <th>card2_FE</th>\n",
       "      <th>R_emaildomain_FE</th>\n",
       "      <th>ProductCD_FE</th>\n",
       "      <th>addr1_FE</th>\n",
       "      <th>M4_FE</th>\n",
       "      <th>M6_FE</th>\n",
       "    </tr>\n",
       "  </thead>\n",
       "  <tbody>\n",
       "    <tr>\n",
       "      <th>card1_FE</th>\n",
       "      <td>1.000000</td>\n",
       "      <td>0.326302</td>\n",
       "      <td>0.000908</td>\n",
       "      <td>0.017008</td>\n",
       "      <td>0.093084</td>\n",
       "      <td>0.042970</td>\n",
       "      <td>0.033158</td>\n",
       "    </tr>\n",
       "    <tr>\n",
       "      <th>card2_FE</th>\n",
       "      <td>0.326302</td>\n",
       "      <td>1.000000</td>\n",
       "      <td>-0.049606</td>\n",
       "      <td>0.032494</td>\n",
       "      <td>0.133270</td>\n",
       "      <td>-0.038416</td>\n",
       "      <td>0.034604</td>\n",
       "    </tr>\n",
       "    <tr>\n",
       "      <th>R_emaildomain_FE</th>\n",
       "      <td>0.000908</td>\n",
       "      <td>-0.049606</td>\n",
       "      <td>1.000000</td>\n",
       "      <td>-0.901822</td>\n",
       "      <td>-0.339243</td>\n",
       "      <td>-0.120519</td>\n",
       "      <td>-0.715509</td>\n",
       "    </tr>\n",
       "    <tr>\n",
       "      <th>ProductCD_FE</th>\n",
       "      <td>0.017008</td>\n",
       "      <td>0.032494</td>\n",
       "      <td>-0.901822</td>\n",
       "      <td>1.000000</td>\n",
       "      <td>0.258727</td>\n",
       "      <td>0.227700</td>\n",
       "      <td>0.759988</td>\n",
       "    </tr>\n",
       "    <tr>\n",
       "      <th>addr1_FE</th>\n",
       "      <td>0.093084</td>\n",
       "      <td>0.133270</td>\n",
       "      <td>-0.339243</td>\n",
       "      <td>0.258727</td>\n",
       "      <td>1.000000</td>\n",
       "      <td>-0.088712</td>\n",
       "      <td>0.256749</td>\n",
       "    </tr>\n",
       "    <tr>\n",
       "      <th>M4_FE</th>\n",
       "      <td>0.042970</td>\n",
       "      <td>-0.038416</td>\n",
       "      <td>-0.120519</td>\n",
       "      <td>0.227700</td>\n",
       "      <td>-0.088712</td>\n",
       "      <td>1.000000</td>\n",
       "      <td>0.165671</td>\n",
       "    </tr>\n",
       "    <tr>\n",
       "      <th>M6_FE</th>\n",
       "      <td>0.033158</td>\n",
       "      <td>0.034604</td>\n",
       "      <td>-0.715509</td>\n",
       "      <td>0.759988</td>\n",
       "      <td>0.256749</td>\n",
       "      <td>0.165671</td>\n",
       "      <td>1.000000</td>\n",
       "    </tr>\n",
       "  </tbody>\n",
       "</table>\n",
       "</div>"
      ],
      "text/plain": [
       "                  card1_FE  card2_FE  R_emaildomain_FE  ProductCD_FE  \\\n",
       "card1_FE          1.000000  0.326302          0.000908      0.017008   \n",
       "card2_FE          0.326302  1.000000         -0.049606      0.032494   \n",
       "R_emaildomain_FE  0.000908 -0.049606          1.000000     -0.901822   \n",
       "ProductCD_FE      0.017008  0.032494         -0.901822      1.000000   \n",
       "addr1_FE          0.093084  0.133270         -0.339243      0.258727   \n",
       "M4_FE             0.042970 -0.038416         -0.120519      0.227700   \n",
       "M6_FE             0.033158  0.034604         -0.715509      0.759988   \n",
       "\n",
       "                  addr1_FE     M4_FE     M6_FE  \n",
       "card1_FE          0.093084  0.042970  0.033158  \n",
       "card2_FE          0.133270 -0.038416  0.034604  \n",
       "R_emaildomain_FE -0.339243 -0.120519 -0.715509  \n",
       "ProductCD_FE      0.258727  0.227700  0.759988  \n",
       "addr1_FE          1.000000 -0.088712  0.256749  \n",
       "M4_FE            -0.088712  1.000000  0.165671  \n",
       "M6_FE             0.256749  0.165671  1.000000  "
      ]
     },
     "execution_count": 6,
     "metadata": {},
     "output_type": "execute_result"
    }
   ],
   "source": [
    "X[['card1_FE','card2_FE','R_emaildomain_FE' ,'ProductCD_FE','addr1_FE' ,'M4_FE','M6_FE']].rank().corr()"
   ]
  },
  {
   "cell_type": "code",
   "execution_count": 117,
   "metadata": {
    "hidden": true
   },
   "outputs": [
    {
     "data": {
      "text/html": [
       "<div>\n",
       "<style scoped>\n",
       "    .dataframe tbody tr th:only-of-type {\n",
       "        vertical-align: middle;\n",
       "    }\n",
       "\n",
       "    .dataframe tbody tr th {\n",
       "        vertical-align: top;\n",
       "    }\n",
       "\n",
       "    .dataframe thead th {\n",
       "        text-align: right;\n",
       "    }\n",
       "</style>\n",
       "<table border=\"1\" class=\"dataframe\">\n",
       "  <thead>\n",
       "    <tr style=\"text-align: right;\">\n",
       "      <th></th>\n",
       "      <th>card1</th>\n",
       "      <th>card2</th>\n",
       "      <th>R_emaildomain</th>\n",
       "      <th>ProductCD</th>\n",
       "      <th>addr1</th>\n",
       "      <th>M4</th>\n",
       "      <th>M6</th>\n",
       "      <th>card1_FE</th>\n",
       "      <th>card2_FE</th>\n",
       "      <th>R_emaildomain_FE</th>\n",
       "      <th>ProductCD_FE</th>\n",
       "      <th>addr1_FE</th>\n",
       "      <th>M4_FE</th>\n",
       "      <th>M6_FE</th>\n",
       "    </tr>\n",
       "  </thead>\n",
       "  <tbody>\n",
       "    <tr>\n",
       "      <th>card1</th>\n",
       "      <td>1.000000</td>\n",
       "      <td>0.008141</td>\n",
       "      <td>-0.000384</td>\n",
       "      <td>0.001496</td>\n",
       "      <td>0.012644</td>\n",
       "      <td>0.003859</td>\n",
       "      <td>0.002496</td>\n",
       "      <td>0.068657</td>\n",
       "      <td>0.058326</td>\n",
       "      <td>-0.002829</td>\n",
       "      <td>0.003697</td>\n",
       "      <td>0.038665</td>\n",
       "      <td>-0.000802</td>\n",
       "      <td>0.002424</td>\n",
       "    </tr>\n",
       "    <tr>\n",
       "      <th>card2</th>\n",
       "      <td>0.008141</td>\n",
       "      <td>1.000000</td>\n",
       "      <td>0.109247</td>\n",
       "      <td>-0.115572</td>\n",
       "      <td>-0.005915</td>\n",
       "      <td>0.003751</td>\n",
       "      <td>-0.077957</td>\n",
       "      <td>-0.131778</td>\n",
       "      <td>0.039018</td>\n",
       "      <td>0.108850</td>\n",
       "      <td>-0.120664</td>\n",
       "      <td>-0.041564</td>\n",
       "      <td>-0.025547</td>\n",
       "      <td>-0.121550</td>\n",
       "    </tr>\n",
       "    <tr>\n",
       "      <th>R_emaildomain</th>\n",
       "      <td>-0.000384</td>\n",
       "      <td>0.109247</td>\n",
       "      <td>1.000000</td>\n",
       "      <td>-0.923620</td>\n",
       "      <td>-0.315789</td>\n",
       "      <td>0.136781</td>\n",
       "      <td>-0.715509</td>\n",
       "      <td>0.004014</td>\n",
       "      <td>-0.052065</td>\n",
       "      <td>0.972614</td>\n",
       "      <td>-0.901100</td>\n",
       "      <td>-0.339668</td>\n",
       "      <td>-0.118429</td>\n",
       "      <td>-0.715509</td>\n",
       "    </tr>\n",
       "    <tr>\n",
       "      <th>ProductCD</th>\n",
       "      <td>0.001496</td>\n",
       "      <td>-0.115572</td>\n",
       "      <td>-0.923620</td>\n",
       "      <td>1.000000</td>\n",
       "      <td>0.362563</td>\n",
       "      <td>-0.157605</td>\n",
       "      <td>0.759988</td>\n",
       "      <td>-0.008026</td>\n",
       "      <td>0.054464</td>\n",
       "      <td>-0.923579</td>\n",
       "      <td>0.954254</td>\n",
       "      <td>0.389865</td>\n",
       "      <td>0.117514</td>\n",
       "      <td>0.759988</td>\n",
       "    </tr>\n",
       "    <tr>\n",
       "      <th>addr1</th>\n",
       "      <td>0.012644</td>\n",
       "      <td>-0.005915</td>\n",
       "      <td>-0.315789</td>\n",
       "      <td>0.362563</td>\n",
       "      <td>1.000000</td>\n",
       "      <td>-0.285742</td>\n",
       "      <td>0.226515</td>\n",
       "      <td>-0.045504</td>\n",
       "      <td>0.030898</td>\n",
       "      <td>-0.313666</td>\n",
       "      <td>0.232855</td>\n",
       "      <td>0.240078</td>\n",
       "      <td>-0.110385</td>\n",
       "      <td>0.232587</td>\n",
       "    </tr>\n",
       "    <tr>\n",
       "      <th>M4</th>\n",
       "      <td>0.003859</td>\n",
       "      <td>0.003751</td>\n",
       "      <td>0.136781</td>\n",
       "      <td>-0.157605</td>\n",
       "      <td>-0.285742</td>\n",
       "      <td>1.000000</td>\n",
       "      <td>-0.065267</td>\n",
       "      <td>0.059024</td>\n",
       "      <td>-0.067620</td>\n",
       "      <td>0.133273</td>\n",
       "      <td>0.019921</td>\n",
       "      <td>-0.278427</td>\n",
       "      <td>0.766393</td>\n",
       "      <td>-0.032514</td>\n",
       "    </tr>\n",
       "    <tr>\n",
       "      <th>M6</th>\n",
       "      <td>0.002496</td>\n",
       "      <td>-0.077957</td>\n",
       "      <td>-0.715509</td>\n",
       "      <td>0.759988</td>\n",
       "      <td>0.226515</td>\n",
       "      <td>-0.065267</td>\n",
       "      <td>1.000000</td>\n",
       "      <td>-0.001368</td>\n",
       "      <td>0.042063</td>\n",
       "      <td>-0.715509</td>\n",
       "      <td>0.759988</td>\n",
       "      <td>0.277385</td>\n",
       "      <td>0.117235</td>\n",
       "      <td>0.388465</td>\n",
       "    </tr>\n",
       "    <tr>\n",
       "      <th>card1_FE</th>\n",
       "      <td>0.068657</td>\n",
       "      <td>-0.131778</td>\n",
       "      <td>0.004014</td>\n",
       "      <td>-0.008026</td>\n",
       "      <td>-0.045504</td>\n",
       "      <td>0.059024</td>\n",
       "      <td>-0.001368</td>\n",
       "      <td>1.000000</td>\n",
       "      <td>0.326302</td>\n",
       "      <td>0.000908</td>\n",
       "      <td>0.017008</td>\n",
       "      <td>0.093084</td>\n",
       "      <td>0.042970</td>\n",
       "      <td>0.033158</td>\n",
       "    </tr>\n",
       "    <tr>\n",
       "      <th>card2_FE</th>\n",
       "      <td>0.058326</td>\n",
       "      <td>0.039018</td>\n",
       "      <td>-0.052065</td>\n",
       "      <td>0.054464</td>\n",
       "      <td>0.030898</td>\n",
       "      <td>-0.067620</td>\n",
       "      <td>0.042063</td>\n",
       "      <td>0.326302</td>\n",
       "      <td>1.000000</td>\n",
       "      <td>-0.049606</td>\n",
       "      <td>0.032494</td>\n",
       "      <td>0.133270</td>\n",
       "      <td>-0.038416</td>\n",
       "      <td>0.034604</td>\n",
       "    </tr>\n",
       "    <tr>\n",
       "      <th>R_emaildomain_FE</th>\n",
       "      <td>-0.002829</td>\n",
       "      <td>0.108850</td>\n",
       "      <td>0.972614</td>\n",
       "      <td>-0.923579</td>\n",
       "      <td>-0.313666</td>\n",
       "      <td>0.133273</td>\n",
       "      <td>-0.715509</td>\n",
       "      <td>0.000908</td>\n",
       "      <td>-0.049606</td>\n",
       "      <td>1.000000</td>\n",
       "      <td>-0.901822</td>\n",
       "      <td>-0.339243</td>\n",
       "      <td>-0.120519</td>\n",
       "      <td>-0.715509</td>\n",
       "    </tr>\n",
       "    <tr>\n",
       "      <th>ProductCD_FE</th>\n",
       "      <td>0.003697</td>\n",
       "      <td>-0.120664</td>\n",
       "      <td>-0.901100</td>\n",
       "      <td>0.954254</td>\n",
       "      <td>0.232855</td>\n",
       "      <td>0.019921</td>\n",
       "      <td>0.759988</td>\n",
       "      <td>0.017008</td>\n",
       "      <td>0.032494</td>\n",
       "      <td>-0.901822</td>\n",
       "      <td>1.000000</td>\n",
       "      <td>0.258727</td>\n",
       "      <td>0.227700</td>\n",
       "      <td>0.759988</td>\n",
       "    </tr>\n",
       "    <tr>\n",
       "      <th>addr1_FE</th>\n",
       "      <td>0.038665</td>\n",
       "      <td>-0.041564</td>\n",
       "      <td>-0.339668</td>\n",
       "      <td>0.389865</td>\n",
       "      <td>0.240078</td>\n",
       "      <td>-0.278427</td>\n",
       "      <td>0.277385</td>\n",
       "      <td>0.093084</td>\n",
       "      <td>0.133270</td>\n",
       "      <td>-0.339243</td>\n",
       "      <td>0.258727</td>\n",
       "      <td>1.000000</td>\n",
       "      <td>-0.088712</td>\n",
       "      <td>0.256749</td>\n",
       "    </tr>\n",
       "    <tr>\n",
       "      <th>M4_FE</th>\n",
       "      <td>-0.000802</td>\n",
       "      <td>-0.025547</td>\n",
       "      <td>-0.118429</td>\n",
       "      <td>0.117514</td>\n",
       "      <td>-0.110385</td>\n",
       "      <td>0.766393</td>\n",
       "      <td>0.117235</td>\n",
       "      <td>0.042970</td>\n",
       "      <td>-0.038416</td>\n",
       "      <td>-0.120519</td>\n",
       "      <td>0.227700</td>\n",
       "      <td>-0.088712</td>\n",
       "      <td>1.000000</td>\n",
       "      <td>0.165671</td>\n",
       "    </tr>\n",
       "    <tr>\n",
       "      <th>M6_FE</th>\n",
       "      <td>0.002424</td>\n",
       "      <td>-0.121550</td>\n",
       "      <td>-0.715509</td>\n",
       "      <td>0.759988</td>\n",
       "      <td>0.232587</td>\n",
       "      <td>-0.032514</td>\n",
       "      <td>0.388465</td>\n",
       "      <td>0.033158</td>\n",
       "      <td>0.034604</td>\n",
       "      <td>-0.715509</td>\n",
       "      <td>0.759988</td>\n",
       "      <td>0.256749</td>\n",
       "      <td>0.165671</td>\n",
       "      <td>1.000000</td>\n",
       "    </tr>\n",
       "  </tbody>\n",
       "</table>\n",
       "</div>"
      ],
      "text/plain": [
       "                     card1     card2  R_emaildomain  ProductCD     addr1  \\\n",
       "card1             1.000000  0.008141      -0.000384   0.001496  0.012644   \n",
       "card2             0.008141  1.000000       0.109247  -0.115572 -0.005915   \n",
       "R_emaildomain    -0.000384  0.109247       1.000000  -0.923620 -0.315789   \n",
       "ProductCD         0.001496 -0.115572      -0.923620   1.000000  0.362563   \n",
       "addr1             0.012644 -0.005915      -0.315789   0.362563  1.000000   \n",
       "M4                0.003859  0.003751       0.136781  -0.157605 -0.285742   \n",
       "M6                0.002496 -0.077957      -0.715509   0.759988  0.226515   \n",
       "card1_FE          0.068657 -0.131778       0.004014  -0.008026 -0.045504   \n",
       "card2_FE          0.058326  0.039018      -0.052065   0.054464  0.030898   \n",
       "R_emaildomain_FE -0.002829  0.108850       0.972614  -0.923579 -0.313666   \n",
       "ProductCD_FE      0.003697 -0.120664      -0.901100   0.954254  0.232855   \n",
       "addr1_FE          0.038665 -0.041564      -0.339668   0.389865  0.240078   \n",
       "M4_FE            -0.000802 -0.025547      -0.118429   0.117514 -0.110385   \n",
       "M6_FE             0.002424 -0.121550      -0.715509   0.759988  0.232587   \n",
       "\n",
       "                        M4        M6  card1_FE  card2_FE  R_emaildomain_FE  \\\n",
       "card1             0.003859  0.002496  0.068657  0.058326         -0.002829   \n",
       "card2             0.003751 -0.077957 -0.131778  0.039018          0.108850   \n",
       "R_emaildomain     0.136781 -0.715509  0.004014 -0.052065          0.972614   \n",
       "ProductCD        -0.157605  0.759988 -0.008026  0.054464         -0.923579   \n",
       "addr1            -0.285742  0.226515 -0.045504  0.030898         -0.313666   \n",
       "M4                1.000000 -0.065267  0.059024 -0.067620          0.133273   \n",
       "M6               -0.065267  1.000000 -0.001368  0.042063         -0.715509   \n",
       "card1_FE          0.059024 -0.001368  1.000000  0.326302          0.000908   \n",
       "card2_FE         -0.067620  0.042063  0.326302  1.000000         -0.049606   \n",
       "R_emaildomain_FE  0.133273 -0.715509  0.000908 -0.049606          1.000000   \n",
       "ProductCD_FE      0.019921  0.759988  0.017008  0.032494         -0.901822   \n",
       "addr1_FE         -0.278427  0.277385  0.093084  0.133270         -0.339243   \n",
       "M4_FE             0.766393  0.117235  0.042970 -0.038416         -0.120519   \n",
       "M6_FE            -0.032514  0.388465  0.033158  0.034604         -0.715509   \n",
       "\n",
       "                  ProductCD_FE  addr1_FE     M4_FE     M6_FE  \n",
       "card1                 0.003697  0.038665 -0.000802  0.002424  \n",
       "card2                -0.120664 -0.041564 -0.025547 -0.121550  \n",
       "R_emaildomain        -0.901100 -0.339668 -0.118429 -0.715509  \n",
       "ProductCD             0.954254  0.389865  0.117514  0.759988  \n",
       "addr1                 0.232855  0.240078 -0.110385  0.232587  \n",
       "M4                    0.019921 -0.278427  0.766393 -0.032514  \n",
       "M6                    0.759988  0.277385  0.117235  0.388465  \n",
       "card1_FE              0.017008  0.093084  0.042970  0.033158  \n",
       "card2_FE              0.032494  0.133270 -0.038416  0.034604  \n",
       "R_emaildomain_FE     -0.901822 -0.339243 -0.120519 -0.715509  \n",
       "ProductCD_FE          1.000000  0.258727  0.227700  0.759988  \n",
       "addr1_FE              0.258727  1.000000 -0.088712  0.256749  \n",
       "M4_FE                 0.227700 -0.088712  1.000000  0.165671  \n",
       "M6_FE                 0.759988  0.256749  0.165671  1.000000  "
      ]
     },
     "execution_count": 117,
     "metadata": {},
     "output_type": "execute_result"
    }
   ],
   "source": [
    "X[imp_cat+['card1_FE','card2_FE','R_emaildomain_FE' ,'ProductCD_FE','addr1_FE' ,'M4_FE','M6_FE']].rank().corr() ##与原始特征也要比较以下"
   ]
  },
  {
   "cell_type": "code",
   "execution_count": 26,
   "metadata": {
    "hidden": true
   },
   "outputs": [
    {
     "name": "stdout",
     "output_type": "stream",
     "text": [
      "<function mean at 0x000002635FC82268>:\n",
      "      train_auc  valid_auc  auc_delta\n",
      "flag                                 \n",
      "0       0.71170    0.68096    0.03074\n",
      "1       0.73544    0.71450    0.02094\n",
      "2       0.68490    0.68262    0.00228\n",
      "3       0.67936    0.68022   -0.00086\n",
      "4       0.68992    0.66968    0.02024\n",
      "5       0.67018    0.66996    0.00022\n",
      "6       0.66404    0.66472   -0.00068\n",
      "====================================================================\n",
      "<function mean at 0x000002635FC82268>:\n",
      "      train_auc  valid_auc  auc_delta\n",
      "flag                                 \n",
      "0        0.7032     0.6451    -0.0066\n",
      "1        0.7274     0.6815    -0.0135\n",
      "2        0.6783     0.6283    -0.0283\n",
      "3        0.6739     0.6272    -0.0259\n",
      "4        0.6839     0.6452    -0.0114\n",
      "5        0.6603     0.6336    -0.0484\n",
      "6        0.6563     0.5721    -0.0386\n",
      "====================================================================\n",
      "<function mean at 0x000002635FC82268>:\n",
      "      train_auc  valid_auc  auc_delta\n",
      "flag                                 \n",
      "0        0.7184     0.7098     0.0733\n",
      "1        0.7412     0.7409     0.0597\n",
      "2        0.6985     0.7066     0.0702\n",
      "3        0.6940     0.6998     0.0668\n",
      "4        0.6943     0.6953     0.0458\n",
      "5        0.6799     0.7087     0.0463\n",
      "6        0.6882     0.6949     0.1161\n",
      "====================================================================\n"
     ]
    }
   ],
   "source": [
    "result=kris_feature_select(cols=['card1_FE','card2_FE','R_emaildomain_FE' ,'ProductCD_FE','addr1_FE' ,'M4_FE','M6_FE'], \\\n",
    "                           X=X,y=y,cv=KFold(5),params=None)\n",
    "for func in [np.mean,np.min,np.max]:\n",
    "    print(str(np.mean)+':')\n",
    "    print(result.groupby('flag')['train_auc','valid_auc','auc_delta'].apply(func))\n",
    "    print('====================================================================')"
   ]
  },
  {
   "cell_type": "code",
   "execution_count": 25,
   "metadata": {
    "hidden": true
   },
   "outputs": [
    {
     "name": "stdout",
     "output_type": "stream",
     "text": [
      "Training until validation scores don't improve for 200 rounds\n",
      "[100]\ttraining's auc: 0.948721\tvalid_1's auc: 0.884388\n",
      "[200]\ttraining's auc: 0.966251\tvalid_1's auc: 0.896033\n",
      "[300]\ttraining's auc: 0.979666\tvalid_1's auc: 0.903709\n",
      "[400]\ttraining's auc: 0.98741\tvalid_1's auc: 0.909168\n",
      "[500]\ttraining's auc: 0.992144\tvalid_1's auc: 0.912527\n",
      "[600]\ttraining's auc: 0.994977\tvalid_1's auc: 0.914795\n",
      "[700]\ttraining's auc: 0.996705\tvalid_1's auc: 0.916551\n",
      "[800]\ttraining's auc: 0.997791\tvalid_1's auc: 0.917607\n",
      "[900]\ttraining's auc: 0.998428\tvalid_1's auc: 0.91801\n",
      "[1000]\ttraining's auc: 0.998848\tvalid_1's auc: 0.918152\n",
      "[1100]\ttraining's auc: 0.999184\tvalid_1's auc: 0.918114\n",
      "[1200]\ttraining's auc: 0.999414\tvalid_1's auc: 0.918101\n",
      "[1300]\ttraining's auc: 0.999568\tvalid_1's auc: 0.917919\n",
      "Early stopping, best iteration is:\n",
      "[1115]\ttraining's auc: 0.999226\tvalid_1's auc: 0.918226\n",
      "Fold 1 | AUC: 0.9182260600925516\n",
      "Training until validation scores don't improve for 200 rounds\n",
      "[100]\ttraining's auc: 0.948208\tvalid_1's auc: 0.9057\n",
      "[200]\ttraining's auc: 0.965582\tvalid_1's auc: 0.915449\n",
      "[300]\ttraining's auc: 0.979095\tvalid_1's auc: 0.924046\n",
      "[400]\ttraining's auc: 0.987571\tvalid_1's auc: 0.930002\n",
      "[500]\ttraining's auc: 0.99248\tvalid_1's auc: 0.93333\n",
      "[600]\ttraining's auc: 0.995409\tvalid_1's auc: 0.934912\n",
      "[700]\ttraining's auc: 0.997111\tvalid_1's auc: 0.935965\n",
      "[800]\ttraining's auc: 0.998102\tvalid_1's auc: 0.936486\n",
      "[900]\ttraining's auc: 0.998684\tvalid_1's auc: 0.9366\n",
      "[1000]\ttraining's auc: 0.99909\tvalid_1's auc: 0.936444\n",
      "Early stopping, best iteration is:\n",
      "[865]\ttraining's auc: 0.998511\tvalid_1's auc: 0.93666\n",
      "Fold 2 | AUC: 0.936660499528913\n",
      "Training until validation scores don't improve for 200 rounds\n",
      "[100]\ttraining's auc: 0.949371\tvalid_1's auc: 0.906053\n",
      "[200]\ttraining's auc: 0.966416\tvalid_1's auc: 0.917512\n",
      "[300]\ttraining's auc: 0.980105\tvalid_1's auc: 0.92722\n",
      "[400]\ttraining's auc: 0.988045\tvalid_1's auc: 0.932535\n",
      "[500]\ttraining's auc: 0.992716\tvalid_1's auc: 0.934831\n",
      "[600]\ttraining's auc: 0.995573\tvalid_1's auc: 0.935622\n",
      "[700]\ttraining's auc: 0.997214\tvalid_1's auc: 0.936015\n",
      "[800]\ttraining's auc: 0.998158\tvalid_1's auc: 0.935951\n",
      "[900]\ttraining's auc: 0.998748\tvalid_1's auc: 0.93574\n",
      "Early stopping, best iteration is:\n",
      "[738]\ttraining's auc: 0.997622\tvalid_1's auc: 0.936141\n",
      "Fold 3 | AUC: 0.9361405221758802\n",
      "Training until validation scores don't improve for 200 rounds\n",
      "[100]\ttraining's auc: 0.946988\tvalid_1's auc: 0.920786\n",
      "[200]\ttraining's auc: 0.963855\tvalid_1's auc: 0.931248\n",
      "[300]\ttraining's auc: 0.978886\tvalid_1's auc: 0.941301\n",
      "[400]\ttraining's auc: 0.987525\tvalid_1's auc: 0.947463\n",
      "[500]\ttraining's auc: 0.992576\tvalid_1's auc: 0.950241\n",
      "[600]\ttraining's auc: 0.995529\tvalid_1's auc: 0.951447\n",
      "[700]\ttraining's auc: 0.997287\tvalid_1's auc: 0.951942\n",
      "[800]\ttraining's auc: 0.998242\tvalid_1's auc: 0.952259\n",
      "[900]\ttraining's auc: 0.998767\tvalid_1's auc: 0.952349\n",
      "[1000]\ttraining's auc: 0.999134\tvalid_1's auc: 0.952218\n",
      "Early stopping, best iteration is:\n",
      "[871]\ttraining's auc: 0.998648\tvalid_1's auc: 0.95238\n",
      "Fold 4 | AUC: 0.9523804200802162\n",
      "Training until validation scores don't improve for 200 rounds\n",
      "[100]\ttraining's auc: 0.949785\tvalid_1's auc: 0.897876\n",
      "[200]\ttraining's auc: 0.965765\tvalid_1's auc: 0.909287\n",
      "[300]\ttraining's auc: 0.979143\tvalid_1's auc: 0.918784\n",
      "[400]\ttraining's auc: 0.987641\tvalid_1's auc: 0.924884\n",
      "[500]\ttraining's auc: 0.992537\tvalid_1's auc: 0.927051\n",
      "[600]\ttraining's auc: 0.995469\tvalid_1's auc: 0.927792\n",
      "[700]\ttraining's auc: 0.997143\tvalid_1's auc: 0.928017\n",
      "[800]\ttraining's auc: 0.9981\tvalid_1's auc: 0.927759\n",
      "[900]\ttraining's auc: 0.998677\tvalid_1's auc: 0.927452\n",
      "Early stopping, best iteration is:\n",
      "[719]\ttraining's auc: 0.99736\tvalid_1's auc: 0.928075\n",
      "Fold 5 | AUC: 0.9280749938309486\n",
      "\n",
      "Mean AUC = 0.9342964991417019\n",
      "Out of folds AUC = 0.9353267903531861\n"
     ]
    }
   ],
   "source": [
    "cols=list(X.columns)\n",
    "cols.remove('TransactionDT')\n",
    "clfs=lgb_model(params=params,cv=KFold(5),X=X,y=y,early_stopping_rounds=200,cols=cols,categorical_feature=None,group_feature=None)\n"
   ]
  },
  {
   "attachments": {
    "image.png": {
